 &plot nbnd=  12, nks=   141 /
            0.333330  0.577344  0.000000
   -4.962   -4.802   -4.802   -4.648   -2.795   -2.795    6.897    7.746    7.746    8.820
   19.250   19.250
            0.316664  0.548478  0.000000
   -5.356   -5.114   -4.526   -4.374   -2.709   -2.647    6.596    7.717    7.919    8.970
   19.287   19.333
            0.299997  0.519610  0.000000
   -5.912   -5.623   -4.143   -3.997   -2.446   -2.360    6.020    7.433    8.385    9.362
   19.458   19.503
            0.283331  0.490744  0.000000
   -6.497   -6.179   -3.725   -3.585   -2.088   -1.994    5.388    7.029    8.940    9.871
   19.076   19.738
            0.266664  0.461876  0.000000
   -7.078   -6.738   -3.275   -3.142   -1.674   -1.578    4.744    6.571    9.547   10.445
   18.458   19.972
            0.249998  0.433009  0.000000
   -7.643   -7.285   -2.796   -2.668   -1.219   -1.125    4.108    6.087   10.196   11.064
   17.824   19.661
            0.233331  0.404141  0.000000
   -8.183   -7.809   -2.286   -2.166   -0.735   -0.646    3.490    5.594   10.881   11.721
   17.200   19.298
            0.216665  0.375275  0.000000
   -8.694   -8.305   -1.750   -1.636   -0.230   -0.145    2.898    5.106   11.597   12.407
   16.600   18.907
            0.199998  0.346407  0.000000
   -9.173   -8.771   -1.188   -1.081    0.292    0.372    2.337    4.632   12.338   13.117
   16.032   18.511
            0.183332  0.317540  0.000000
   -9.618   -9.205   -0.604   -0.503    0.823    0.897    1.811    4.179   13.099   13.843
   15.501   18.127
            0.166665  0.288672  0.000000
  -10.028   -9.603   -0.000    0.093    1.324    1.356    1.424    3.753   13.872   14.579
   15.011   17.767
            0.149999  0.259806  0.000000
  -10.401   -9.966    0.618    0.704    0.878    1.883    1.945    3.358   14.564   14.646
   15.313   17.438
            0.133332  0.230938  0.000000
  -10.736  -10.293    0.475    1.244    1.323    2.396    2.453    2.998   14.163   15.412
   16.036   17.147
            0.116666  0.202071  0.000000
  -11.033  -10.582    0.116    1.871    1.942    2.676    2.886    2.937   13.809   16.156
   16.734   16.896
            0.099999  0.173203  0.000000
  -11.292  -10.834   -0.197    2.392    2.486    2.550    3.342    3.388   13.501   16.687
   16.860   16.889
            0.083332  0.144335  0.000000
  -11.511  -11.047   -0.463    2.150    3.075    3.132    3.752    3.795   13.242   16.520
   16.694   17.508
            0.066666  0.115469  0.000000
  -11.691  -11.222   -0.681    1.951    3.618    3.668    4.107    4.146   13.030   16.392
   16.539   17.334
            0.049999  0.086601  0.000000
  -11.831  -11.359   -0.852    1.795    4.090    4.134    4.396    4.432   12.866   16.300
   16.424   16.896
            0.033333  0.057734  0.000000
  -11.932  -11.456   -0.974    1.683    4.461    4.499    4.609    4.643   12.749   16.239
   16.344   16.528
            0.016666  0.028866  0.000000
  -11.992  -11.515   -1.047    1.615    4.699    4.729    4.744    4.773   12.679   16.205
   16.280   16.298
            0.000000  0.000000  0.000000
  -12.012  -11.535   -1.072    1.592    4.783    4.783    4.816    4.816   12.656   16.194
   16.194   16.281
            0.025000  0.014434  0.000000
  -11.997  -11.520   -1.053    1.609    4.719    4.748    4.755    4.784   12.673   16.201
   16.259   16.292
            0.050000  0.028868  0.000000
  -11.952  -11.476   -0.998    1.660    4.534    4.578    4.649    4.691   12.726   16.220
   16.324   16.453
            0.075000  0.043301  0.000000
  -11.877  -11.403   -0.907    1.745    4.236    4.293    4.494    4.543   12.813   16.238
   16.363   16.767
            0.100000  0.057735  0.000000
  -11.771  -11.300   -0.779    1.862    3.842    3.912    4.292    4.349   12.936   16.241
   16.399   17.190
            0.125000  0.072169  0.000000
  -11.636  -11.169   -0.614    2.012    3.368    3.452    4.057    4.120   13.094   16.221
   16.420   17.710
            0.150000  0.086603  0.000000
  -11.471  -11.009   -0.415    2.195    2.829    2.929    3.799    3.868   13.287   16.172
   16.421   17.353
            0.175000  0.101036  0.000000
  -11.277  -10.819   -0.179    2.241    2.357    2.409    3.528    3.602   13.515   16.098
   16.398   16.753
            0.200000  0.115470  0.000000
  -11.053  -10.601    0.092    1.616    1.750    2.653    3.254    3.332   13.777   16.003
   16.098   16.355
            0.225000  0.129904  0.000000
  -10.800  -10.355    0.396    0.966    1.117    2.927    2.984    3.066   14.072   15.399
   15.894   16.210
            0.250000  0.144338  0.000000
  -10.518  -10.081    0.301    0.469    0.734    2.724    2.809    3.228   14.398   14.671
   15.592   15.780
            0.275000  0.158771  0.000000
  -10.208   -9.779   -0.374   -0.188    1.104    2.478    2.566    3.553   13.924   14.750
   14.955   15.667
            0.300000  0.173205  0.000000
   -9.870   -9.450   -1.050   -0.848    1.505    2.250    2.340    3.900   13.172   14.309
   15.108   15.572
            0.325000  0.187639  0.000000
   -9.505   -9.094   -1.722   -1.504    1.933    2.043    2.136    4.262   12.428   13.661
   15.329   15.604
            0.350000  0.202073  0.000000
   -9.113   -8.713   -2.387   -2.153    1.860    1.954    2.386    4.632   11.706   13.016
   15.288   15.743
            0.375000  0.216506  0.000000
   -8.696   -8.308   -3.038   -2.791    1.703    1.798    2.859    4.995   11.026   12.386
   15.211   15.746
            0.400000  0.230940  0.000000
   -8.256   -7.880   -3.672   -3.412    1.571    1.668    3.344    5.329   10.414   11.781
   15.141   15.712
            0.425000  0.245374  0.000000
   -7.795   -7.436   -4.283   -4.012    1.469    1.566    3.828    5.599    9.910   11.217
   15.084   15.677
            0.450000  0.259808  0.000000
   -7.324   -6.987   -4.854   -4.581    1.395    1.493    4.285    5.756    9.563   10.719
   15.042   15.648
            0.475000  0.274241  0.000000
   -6.869   -6.582   -5.334   -5.092    1.350    1.448    4.659    5.781    9.402   10.344
   15.017   15.630
            0.500000  0.288675  0.000000
   -6.596   -6.415   -5.523   -5.389    1.335    1.433    4.821    5.755    9.372   10.191
   15.008   15.624
            0.491667  0.303109  0.000000
   -6.592   -6.411   -5.518   -5.385    1.312    1.412    4.827    5.761    9.372   10.187
   15.038   15.655
            0.483333  0.317542  0.000000
   -6.579   -6.398   -5.505   -5.372    1.244    1.347    4.845    5.778    9.373   10.174
   15.127   15.746
            0.475000  0.331976  0.000000
   -6.557   -6.377   -5.484   -5.351    1.133    1.240    4.876    5.808    9.374   10.151
   15.272   15.895
            0.466666  0.346409  0.000000
   -6.527   -6.348   -5.454   -5.322    0.983    1.095    4.918    5.848    9.375   10.118
   15.472   16.100
            0.458333  0.360843  0.000000
   -6.489   -6.310   -5.416   -5.286    0.796    0.915    4.972    5.901    9.376   10.074
   15.720   16.357
            0.449999  0.375276  0.000000
   -6.442   -6.263   -5.370   -5.241    0.576    0.705    5.039    5.965    9.374   10.019
   16.011   16.662
            0.441666  0.389710  0.000000
   -6.386   -6.208   -5.316   -5.189    0.330    0.467    5.117    6.041    9.371    9.950
   16.340   17.010
            0.433332  0.404143  0.000000
   -6.322   -6.145   -5.255   -5.130    0.062    0.207    5.207    6.128    9.365    9.866
   16.700   17.396
            0.424999  0.418577  0.000000
   -6.249   -6.074   -5.186   -5.064   -0.224   -0.071    5.309    6.226    9.355    9.767
   17.086   17.816
            0.416665  0.433010  0.000000
   -6.168   -5.994   -5.111   -4.993   -0.523   -0.362    5.422    6.335    9.338    9.650
   17.490   18.265
            0.408332  0.447444  0.000000
   -6.079   -5.906   -5.031   -4.917   -0.832   -0.663    5.547    6.455    9.316    9.516
   17.905   18.739
            0.399998  0.461877  0.000000
   -5.981   -5.809   -4.946   -4.839   -1.144   -0.970    5.683    6.585    9.285    9.362
   18.323   19.229
            0.391665  0.476311  0.000000
   -5.874   -5.704   -4.859   -4.760   -1.455   -1.278    5.830    6.724    9.190    9.244
   18.733   19.720
            0.383331  0.490744  0.000000
   -5.759   -5.591   -4.771   -4.685   -1.760   -1.583    5.987    6.873    8.999    9.194
   19.123   19.722
            0.374998  0.505178  0.000000
   -5.636   -5.470   -4.689   -4.620   -2.049   -1.878    6.153    7.029    8.790    9.134
   19.477   19.557
            0.366664  0.519611  0.000000
   -5.505   -5.341   -4.618   -4.574   -2.312   -2.154    6.326    7.190    8.566    9.064
   19.429   19.585
            0.358331  0.534045  0.000000
   -5.366   -5.204   -4.569   -4.561   -2.533   -2.400    6.504    7.353    8.332    8.988
   19.335   19.452
            0.349997  0.548478  0.000000
   -5.220   -5.061   -4.598   -4.555   -2.695   -2.600    6.678    7.510    8.096    8.912
   19.276   19.351
            0.341664  0.562912  0.000000
   -5.071   -4.914   -4.693   -4.591   -2.782   -2.736    6.827    7.649    7.882    8.847
   19.248   19.283
            0.333330  0.577344  0.000000
   -4.962   -4.802   -4.802   -4.648   -2.795   -2.795    6.897    7.746    7.746    8.820
   19.250   19.250
            0.333330  0.577344  0.009750
   -4.962   -4.802   -4.802   -4.648   -2.795   -2.795    6.899    7.747    7.747    8.816
   19.231   19.231
            0.333330  0.577344  0.019500
   -4.961   -4.802   -4.802   -4.650   -2.796   -2.796    6.907    7.748    7.748    8.805
   19.179   19.179
            0.333330  0.577344  0.029250
   -4.959   -4.802   -4.802   -4.652   -2.796   -2.796    6.920    7.750    7.750    8.787
   19.102   19.102
            0.333330  0.577344  0.038999
   -4.955   -4.802   -4.802   -4.656   -2.797   -2.797    6.937    7.752    7.753    8.763
   19.010   19.010
            0.333330  0.577344  0.048749
   -4.951   -4.802   -4.802   -4.661   -2.797   -2.797    6.960    7.756    7.756    8.732
   18.910   18.910
            0.333330  0.577344  0.058499
   -4.947   -4.801   -4.801   -4.666   -2.798   -2.798    6.988    7.760    7.760    8.694
   18.807   18.807
            0.333330  0.577344  0.068249
   -4.941   -4.801   -4.801   -4.672   -2.799   -2.799    7.020    7.764    7.764    8.650
   18.703   18.703
            0.333330  0.577344  0.077999
   -4.934   -4.801   -4.800   -4.680   -2.800   -2.800    7.056    7.769    7.769    8.602
   18.603   18.603
            0.333330  0.577344  0.087749
   -4.927   -4.800   -4.800   -4.688   -2.801   -2.801    7.097    7.774    7.774    8.548
   18.506   18.506
            0.333330  0.577344  0.097499
   -4.919   -4.800   -4.800   -4.697   -2.802   -2.802    7.143    7.779    7.779    8.490
   18.415   18.415
            0.333330  0.577344  0.107248
   -4.910   -4.799   -4.799   -4.706   -2.803   -2.803    7.192    7.784    7.784    8.428
   18.331   18.331
            0.333330  0.577344  0.116998
   -4.901   -4.799   -4.799   -4.716   -2.804   -2.804    7.246    7.790    7.790    8.363
   18.253   18.253
            0.333330  0.577344  0.126748
   -4.891   -4.798   -4.798   -4.727   -2.805   -2.805    7.302    7.795    7.795    8.295
   18.184   18.184
            0.333330  0.577344  0.136498
   -4.881   -4.798   -4.798   -4.738   -2.806   -2.806    7.363    7.799    7.799    8.224
   18.123   18.123
            0.333330  0.577344  0.146248
   -4.870   -4.797   -4.797   -4.750   -2.806   -2.806    7.426    7.803    7.803    8.151
   18.070   18.070
            0.333330  0.577344  0.155998
   -4.858   -4.797   -4.797   -4.761   -2.807   -2.807    7.492    7.807    7.807    8.077
   18.027   18.027
            0.333330  0.577344  0.165748
   -4.847   -4.797   -4.797   -4.773   -2.808   -2.808    7.561    7.810    7.810    8.003
   17.993   17.993
            0.333330  0.577344  0.175498
   -4.835   -4.797   -4.797   -4.786   -2.808   -2.808    7.631    7.812    7.812    7.927
   17.969   17.969
            0.333330  0.577344  0.185247
   -4.823   -4.798   -4.796   -4.796   -2.808   -2.808    7.704    7.813    7.813    7.852
   17.954   17.954
            0.333330  0.577344  0.194997
   -4.810   -4.810   -4.796   -4.796   -2.808   -2.808    7.778    7.778    7.813    7.813
   17.949   17.949
            0.316664  0.548478  0.194997
   -5.233   -5.233   -4.451   -4.451   -2.690   -2.690    7.300    7.300    8.284    8.284
   17.996   17.996
            0.299997  0.519610  0.194997
   -5.771   -5.771   -4.067   -4.067   -2.414   -2.414    6.761    6.761    8.813    8.813
   18.121   18.121
            0.283331  0.490744  0.194997
   -6.342   -6.342   -3.652   -3.652   -2.051   -2.051    6.193    6.193    9.382    9.382
   18.292   18.292
            0.266664  0.461876  0.194997
   -6.914   -6.914   -3.205   -3.205   -1.635   -1.635    5.612    5.612    9.989    9.989
   18.462   18.462
            0.249998  0.433009  0.194997
   -7.470   -7.470   -2.729   -2.729   -1.181   -1.181    5.030    5.030   10.630   10.630
   18.573   18.573
            0.233331  0.404141  0.194997
   -8.003   -8.003   -2.223   -2.223   -0.698   -0.698    4.459    4.459   11.303   11.303
   18.567   18.567
            0.216665  0.375275  0.194997
   -8.507   -8.507   -1.690   -1.690   -0.194   -0.194    3.906    3.906   12.004   12.004
   18.419   18.419
            0.199998  0.346407  0.194997
   -8.980   -8.980   -1.133   -1.133    0.326    0.326    3.378    3.378   12.727   12.727
   18.160   18.160
            0.183332  0.317540  0.194997
   -9.420   -9.420   -0.552   -0.552    0.854    0.854    2.880    2.880   13.465   13.465
   17.841   17.841
            0.166665  0.288672  0.194997
   -9.825   -9.825    0.048    0.048    1.385    1.385    2.417    2.417   14.212   14.212
   17.507   17.507
            0.149999  0.259806  0.194997
  -10.193  -10.193    0.662    0.662    1.910    1.910    1.991    1.991   14.956   14.956
   17.186   17.186
            0.133332  0.230938  0.194997
  -10.525  -10.525    1.283    1.283    1.607    1.607    2.421    2.421   15.679   15.679
   16.896   16.896
            0.116666  0.202071  0.194997
  -10.818  -10.818    1.259    1.259    1.909    1.909    2.909    2.909   16.311   16.311
   16.693   16.693
            0.099999  0.173203  0.194997
  -11.074  -11.074    0.959    0.959    2.520    2.520    3.362    3.362   16.347   16.347
   16.888   16.888
            0.083332  0.144335  0.194997
  -11.291  -11.291    0.702    0.702    3.105    3.105    3.771    3.771   16.183   16.183
   16.752   16.752
            0.066666  0.115469  0.194997
  -11.468  -11.468    0.492    0.492    3.645    3.645    4.125    4.125   16.046   16.046
   16.576   16.576
            0.049999  0.086601  0.194997
  -11.607  -11.607    0.327    0.327    4.113    4.113    4.412    4.412   15.945   15.945
   16.431   16.431
            0.033333  0.057734  0.194997
  -11.706  -11.706    0.209    0.209    4.481    4.481    4.625    4.625   15.877   15.877
   16.325   16.325
            0.016666  0.028866  0.194997
  -11.766  -11.766    0.138    0.138    4.718    4.718    4.756    4.756   15.839   15.839
   16.259   16.259
            0.000000  0.000000  0.194997
  -11.785  -11.785    0.114    0.114    4.800    4.800    4.800    4.800   15.827   15.827
   16.236   16.236
            0.025000  0.014434  0.194997
  -11.771  -11.771    0.132    0.132    4.738    4.738    4.767    4.767   15.836   15.836
   16.253   16.253
            0.050000  0.028868  0.194997
  -11.726  -11.726    0.185    0.185    4.556    4.556    4.671    4.671   15.864   15.864
   16.297   16.297
            0.075000  0.043301  0.194997
  -11.652  -11.652    0.274    0.274    4.264    4.264    4.519    4.519   15.910   15.910
   16.357   16.357
            0.100000  0.057735  0.194997
  -11.548  -11.548    0.398    0.398    3.877    3.877    4.320    4.320   15.969   15.969
   16.425   16.425
            0.125000  0.072169  0.194997
  -11.414  -11.414    0.556    0.556    3.410    3.410    4.088    4.088   16.026   16.026
   16.503   16.503
            0.150000  0.086603  0.194997
  -11.251  -11.251    0.749    0.749    2.878    2.878    3.833    3.833   16.059   16.059
   16.599   16.599
            0.175000  0.101036  0.194997
  -11.059  -11.059    0.976    0.976    2.299    2.299    3.565    3.565   16.046   16.046
   16.692   16.692
            0.200000  0.115470  0.194997
  -10.838  -10.838    1.235    1.235    1.683    1.683    3.294    3.294   15.955   15.955
   16.459   16.459
            0.225000  0.129904  0.194997
  -10.588  -10.588    1.040    1.040    1.530    1.530    3.025    3.025   15.628   15.628
   16.115   16.115
            0.250000  0.144338  0.194997
  -10.310  -10.310    0.383    0.383    1.853    1.853    2.766    2.766   15.029   15.029
   15.965   15.965
            0.275000  0.158771  0.194997
  -10.003  -10.003   -0.283   -0.283    2.206    2.206    2.521    2.521   14.356   14.356
   15.855   15.855
            0.300000  0.173205  0.194997
   -9.669   -9.669   -0.951   -0.951    2.295    2.295    2.586    2.586   13.659   13.659
   15.754   15.754
            0.325000  0.187639  0.194997
   -9.308   -9.308   -1.616   -1.616    2.089    2.089    2.989    2.989   12.956   12.956
   15.658   15.658
            0.350000  0.202073  0.194997
   -8.921   -8.921   -2.273   -2.273    1.906    1.906    3.412    3.412   12.262   12.262
   15.571   15.571
            0.375000  0.216506  0.194997
   -8.510   -8.510   -2.918   -2.918    1.750    1.750    3.847    3.847   11.589   11.589
   15.493   15.493
            0.400000  0.230940  0.194997
   -8.075   -8.075   -3.546   -3.546    1.619    1.619    4.282    4.282   10.953   10.953
   15.428   15.428
            0.425000  0.245374  0.194997
   -7.622   -7.622   -4.152   -4.152    1.517    1.517    4.698    4.698   10.378   10.378
   15.375   15.375
            0.450000  0.259808  0.194997
   -7.160   -7.160   -4.724   -4.724    1.443    1.443    5.062    5.062    9.898    9.898
   15.337   15.337
            0.475000  0.274241  0.194997
   -6.725   -6.725   -5.225   -5.225    1.399    1.399    5.322    5.322    9.567    9.567
   15.314   15.314
            0.500000  0.288675  0.194997
   -6.491   -6.491   -5.481   -5.481    1.384    1.384    5.419    5.419    9.447    9.447
   15.306   15.306
            0.491667  0.303109  0.194997
   -6.486   -6.486   -5.477   -5.477    1.362    1.362    5.425    5.425    9.446    9.446
   15.336   15.336
            0.483333  0.317542  0.194997
   -6.474   -6.474   -5.464   -5.464    1.295    1.295    5.443    5.443    9.442    9.442
   15.425   15.425
            0.475000  0.331976  0.194997
   -6.453   -6.453   -5.443   -5.443    1.186    1.186    5.474    5.474    9.436    9.436
   15.571   15.571
            0.466666  0.346409  0.194997
   -6.423   -6.423   -5.414   -5.414    1.038    1.038    5.516    5.516    9.426    9.426
   15.771   15.771
            0.458333  0.360843  0.194997
   -6.385   -6.385   -5.376   -5.376    0.854    0.854    5.570    5.570    9.411    9.411
   16.020   16.020
            0.449999  0.375276  0.194997
   -6.338   -6.338   -5.330   -5.330    0.639    0.639    5.636    5.636    9.392    9.392
   16.314   16.314
            0.441666  0.389710  0.194997
   -6.283   -6.283   -5.277   -5.277    0.397    0.397    5.714    5.714    9.367    9.367
   16.645   16.645
            0.433332  0.404143  0.194997
   -6.220   -6.220   -5.216   -5.216    0.133    0.133    5.805    5.805    9.333    9.333
   17.006   17.006
            0.424999  0.418577  0.194997
   -6.148   -6.148   -5.149   -5.149   -0.149   -0.149    5.907    5.907    9.290    9.290
   17.388   17.388
            0.416665  0.433010  0.194997
   -6.067   -6.067   -5.075   -5.075   -0.444   -0.444    6.021    6.021    9.237    9.237
   17.772   17.772
            0.408332  0.447444  0.194997
   -5.978   -5.978   -4.997   -4.997   -0.750   -0.750    6.146    6.146    9.170    9.170
   18.125   18.125
            0.399998  0.461877  0.194997
   -5.881   -5.881   -4.915   -4.915   -1.060   -1.060    6.284    6.284    9.089    9.089
   18.364   18.364
            0.391665  0.476311  0.194997
   -5.776   -5.776   -4.831   -4.831   -1.370   -1.370    6.433    6.433    8.992    8.992
   18.419   18.419
            0.383331  0.490744  0.194997
   -5.662   -5.662   -4.750   -4.750   -1.675   -1.675    6.594    6.594    8.877    8.877
   18.352   18.352
            0.374998  0.505178  0.194997
   -5.539   -5.539   -4.675   -4.675   -1.969   -1.969    6.766    6.766    8.744    8.744
   18.249   18.249
            0.366664  0.519611  0.194997
   -5.409   -5.409   -4.616   -4.616   -2.240   -2.240    6.949    6.949    8.592    8.592
   18.148   18.148
            0.358331  0.534045  0.194997
   -5.270   -5.270   -4.584   -4.584   -2.475   -2.475    7.144    7.144    8.420    8.420
   18.063   18.063
            0.349997  0.548478  0.194997
   -5.123   -5.123   -4.595   -4.595   -2.658   -2.658    7.350    7.350    8.230    8.230
   18.000   18.000
            0.341664  0.562912  0.194997
   -4.967   -4.967   -4.666   -4.666   -2.771   -2.771    7.567    7.567    8.022    8.022
   17.962   17.962
            0.333330  0.577344  0.194997
   -4.810   -4.810   -4.796   -4.796   -2.808   -2.808    7.778    7.778    7.813    7.813
   17.949   17.949
